>
27.2141601105 40.0403295751
27.2382508926 40.0563900847
27.2692247462 40.0781865032
27.2996250048 40.093673427
27.3214214268 40.1051452242
27.3501009151 40.1217793319
27.3971352844 40.1441493428
27.4263883702 40.1567683152
27.4573622273 40.1688137053
27.5038230096 40.1837270399
27.5307817279 40.1883157644
27.5531517357 40.195772431
27.5881407237 40.2038026905
27.5846991837 40.2020819222
27.6105107268 40.2118329476
27.6472204819 40.221010386
27.6724584332 40.2255991028
27.6908133114 40.2301878252
>
28.4364801598 40.0948206091 
28.4571293897 40.0976885551 
28.4794994003 40.0953941976 
28.4949863198 40.0982621515 
28.5173563241 40.0994093312 
28.535711211 40.0994093255 
28.5471830034 40.1028508707 
28.5620963373 40.1057188209 
28.584466349 40.108013174 
28.6039684044 40.1154698448 
28.6188817407 40.1131754895 
28.6246176324 40.1097339477 
28.6464140511 40.1194849782 
28.6670632926 40.129809596 
28.6905804752 40.1389870288 
28.7158184287 40.1493116526 
28.7422035672 40.1590626727 
28.7668679302 40.1625042173 
28.7944002455 40.168813701 
28.8156230643 40.1762703688 
28.8368458947 40.1785647283 
28.8592158951 40.1762703749 
28.8878953926 40.1734024234 
28.910265401 40.1688137019 
28.9337825841 40.1642249857
>
27.118370601 39.8923433821 
27.1625370255 39.8969320965 
27.196378832 39.9072567187 
27.2176016565 39.9141397978 
27.2480019207 39.9158605684 
27.2772549984 39.9181549216 
27.3019193699 39.9290531303 
27.3283045038 39.9376569844 
27.3638670752 39.9542910883 
27.3896786183 39.9686308342 
27.3891050239 39.9674836581
>
27.2284998608 39.9376569795 
27.2439867828 39.9433928831 
27.2589001272 39.9485551901 
27.2732398733 39.9502759607 
27.290447568 39.9468344185 
27.3122439898 39.9451136521 
27.3346139893 39.9519967291 
27.3592783523 39.9611741665 
27.3862370836 39.970351604
>
27.8915697652 40.1028508641 
27.8714941165 40.1045716343 
27.8422410306 40.1120283073 
27.8112671841 40.1148962541 
27.7768517839 40.1171906134 
27.7510402461 40.1120283026 
27.7183456209 40.1034244537 
27.7028586921 40.1005565063 
27.6346014955 40.0873639431 
27.5955973888 40.079333682 
27.5525781484 40.0667147051
>
27.531928912 40.0391823912 
27.4934983885 40.0288577733 
27.470554791 40.0173859756 
27.4464640165 40.0001782822 
27.4183581163 39.981823404 
27.389105026 39.9692044247
>
29.6893324506 40.017834516 
29.6342276979 40.0194395085 
29.6149677792 40.0253244883 
29.5924978779 40.0274644784 
29.5636080021 40.0285344725 
29.534183139 40.0344194411 
29.4983382942 40.0499343734 
29.4806833784 40.0579593429 
29.4566084845 40.0686592948 
29.438953558 40.0750792677 
29.4191586386 40.0916641889
>
29.4020387164 40.1119941022 
29.3811738104 40.1323240169 
29.358168911 40.1456989505 
29.3180440904 40.1585388937 
29.3025291625 40.1654938703 
29.273104286 40.169238852 
29.2431444153 40.1724488388 
29.2142545479 40.1772638138 
29.1875046644 40.1756588193 
29.1527298143 40.1783338078 
29.1265149347 40.1783338117 
29.0938800726 40.1735188326 
29.0655252001 40.1783338078 
29.0462652863 40.1863587775 
29.032890343 40.201873703 
29.0195154111 40.2077586815
>
29.9589712718 40.4362026764 
29.9118914692 40.4271077133 
29.8653466748 40.420687743 
29.8204068798 40.4137327692 
29.7701171012 40.4062428084 
29.7171523289 40.3955428551 
29.682912477 40.3939378644 
29.6197827576 40.3832379106 
29.5780529438 40.380027922
>
29.5769829455 40.3784229274 
29.5331131431 40.3832379047 
29.4945933116 40.3875178919 
29.4603534636 40.3864478921 
29.4287885971 40.3912628679 
29.3982937399 40.403567821 
29.371008859 40.4094527889 
29.341583989 40.4126627804 
29.3153690998 40.4089177923 
29.2747092822 40.408382796 
29.2447494107 40.4115927838 
29.205694582 40.4019628222 
29.1357924382 40.3868928347 
29.1215652492 40.383336035 
29.1044926159 40.3804906024 
29.0795950361 40.3783565148
>
29.0462320554 40.2785812334 
29.0238060919 40.2889316856 
28.9901671415 40.2897942217 
28.9530780423 40.2837564599 
28.9142638708 40.2837564629 
28.8392231369 40.2820313898 
28.8004089618 40.2803063078 
28.7615947952 40.2820313854 
28.7029422688 40.2768561644 
28.6468773549 40.2734060159 
28.5813245369 40.2630555655
>
28.5795994527 40.2621930329 
28.5399227532 40.2561552669 
28.4795451528 40.2483924338 
28.4260678508 40.2466673593 
28.3803533796 40.2440797494 
28.3458518913 40.2432172165 
28.3165256314 40.2423546773 
28.2854742884 40.2320042343 
28.2613232514 40.2216537849 
28.2319969817 40.2242413979 
28.1992205779 40.2311416901
>
29.974195716 40.4561225483 
29.9989367832 40.4554156622 
30.0312841143 40.4492787249 
30.0505395693 40.4532950021 
30.0823495071 40.4511743324 
30.1011335914 40.4518899252 
30.1259399425 40.4545011175 
30.1422599114 40.4499315261 
30.1605382956 40.4571123112 
30.1781638632 40.4675570946 
30.2088454139 40.474085079 
30.2395269613 40.479960271 
30.2760836926 40.4845298605 
30.3113348293 40.4904050537 
30.3420163648 40.4962802391 
30.3726979154 40.5034610252 
30.4170882258 40.5178225971 
30.4412417865 40.5250033866 
30.4621313454 40.536753769 
30.4895488966 40.5485041448 
30.5091328676 40.5537265348
>
29.9310755798 39.8361821682 
29.9565235212 39.8361821675 
29.978437045 39.8305270657 
30.0031781071 39.827699518 
30.0265053923 39.8255788539 
30.051246462 39.822044421 
30.0724530814 39.8149755381 
30.0979010429 39.8114411063 
30.118400773 39.8128548835 
30.1381936341 39.8128548773 
30.158693364 39.8128548771 
30.177779355 39.8156824284 
30.2011066464 39.8156824301 
30.2223132733 39.8156824291 
30.2428130076 39.8163893159 
30.2647265228 39.8206306438 
30.2816918259 39.8185099783 
30.3057260086 39.8107342111 
30.3262257441 39.7923551362 
30.3438979279 39.7796311593 
30.3721734404 39.7711485151 
30.4053971504 39.7633727537 
30.430845101 39.7584245328 
30.4555861707 39.7584245329 
30.4739652447 39.7584245338
>
29.7366814919 39.4905141544 
29.7713189898 39.4834452824 
29.8109046935 39.4714281945 
29.8561454908 39.4537560023 
29.9028000704 39.4431526947 
29.9360237844 39.4325493756 
29.9727819411 39.4219460637 
30.0095400891 39.4042738753 
30.032160491 39.3915498985 
30.0569015582 39.3830672502 
30.0795219625 39.3767052581 
30.1035561421 39.3675157222
>
30.1120387914 39.3710501642 
30.132538524 39.3604468444 
30.1487969385 39.3463090947 
30.1671760403 39.3215680335
>
27.2137998359 40.0404726662 
27.1718321152 40.0120033287 
27.1469601294 39.992943919 
27.1333301243 39.9843374556 
27.1157037541 39.9775812151 
27.1052921584 39.975127436
>
29.0325808597 39.0856735886 
29.0104226391 39.0897769638 
28.9956505065 39.0873149398 
28.9661062211 39.0897769565 
28.9390239591 39.0938803324 
28.9111210324 39.102087077 
28.8840387678 39.1094731444 
28.8561358437 39.1176798896 
28.8241295308 39.1209625872 
28.7921232294 39.1283486625 
28.758475571 39.1340933789 
28.7387793896 39.1340933874 
28.7034903833 39.135734729 
28.6608153134 39.1365554109 
28.6107541663 39.1488655282 
28.5697204332 39.159534292
>
28.0165858253 39.2670426537 
28.0609022426 39.2547325389 
28.1019359702 39.2358570221 
28.1281975611 39.2301123029 
28.1495350961 39.2325743202 
28.1716933072 39.2292916289
>
26.1183657102 39.4516944134 
26.1971504648 39.4615425057 
26.2792179054 39.4713905985 
26.3711334501 39.4845213917 
26.4523802312 39.5075002777 
26.4958759746 39.5247344474 
26.5656333127 39.5370445652 
26.642776711 39.5567407515 
26.6977618989 39.5657681668 
26.7379749595 39.5764369415 
26.7650572104 39.573974915 
26.7978841912 39.5690508684
>
26.796242846 39.5682301945 
26.8184010606 39.5715128877 
26.8487660157 39.5788989652 
26.8717448977 39.5895677277 
26.8914410876 39.5912090819 
26.9168819946 39.5953124496 
26.9300127874 39.5977744783
>
28.1710225697 40.0861511178 
28.1230273654 40.1034293972 
28.0929503708 40.1117485646 
28.0705526102 40.1136683743 
28.0372759398 40.1130284391
>
28.2561340671 40.0631134226 
28.2842912611 40.0669530395 
28.311808511 40.0688728473 
28.3374059487 40.0688728467 
28.3662030754 40.0547942509 
28.3988398228 40.0426354672 
28.4282768775 40.0304766843 
28.4583538696 40.0272770023 
28.4743522709 40.0298367485
>
30.4973478804 39.8703106593 
30.518676945 39.8716033346 
30.5451766939 39.8651399838 
30.5697374421 39.8586766238 
30.5917128481 39.8580302916 
30.6014078785 39.8509205968 
30.612395581 39.8392865608 
30.6253222956 39.8347622154 
30.636309993 39.8263598536 
30.6537610516 39.8237745097 
30.6699194388 39.8218355045 
30.6828461562 39.8270061854 
30.7002972346 39.8399328929 
30.7164556191 39.8509205974 
30.7351993506 39.8606156276 
30.7539430812 39.8690179928 
30.7804428309 39.8806520332 
30.7985402243 39.8935787361 
30.8153449428 39.9084444541 
30.8276253152 39.9174931526 
30.847661716 39.9174931525 
30.8651127771 39.9110297939 
30.8870881758 39.9129688026
>
30.9013075614 38.6093102207 
30.9213439546 38.6093102201 
30.9400876875 38.6047858716 
30.9588314108 38.5963835143 
30.9749898024 38.5937981762 
30.9937335495 38.5918591682 
31.0234649845 38.5892738274 
31.0486720724 38.5886274872 
31.0719401501 38.589273826
>
31.0712938168 38.5892738227 
31.086805868 38.5847494751 
31.1061959315 38.5782861169 
31.1294640056 38.5692374232 
31.1566100944 38.5582497245 
31.1747074905 38.5543717086 
31.1922267411 38.5427330089 
31.2108772745 38.5321643733 
31.2239326478 38.5209740533 
31.2354630488 38.5136525752 
31.2496824218 38.4942625169 
31.2697188207 38.4832748148 
31.2994502617 38.4587140619 
31.3188403242 38.4490190334 
31.3401694206 38.427689959 
31.366022837 38.4024828774 
31.4002786155 38.368873434 
31.4351807297 38.3313859807 
31.4752535593 38.2926058493 
31.4862412589 38.277740142 
31.5140336838 38.255764736 
31.5295457413 38.2415453517 
31.5573381648 38.215045605 
31.5773745898 38.1982408786 
31.607752361 38.1872531748 
31.6286492216 38.1734524485 
31.6541382838 38.1603970751 
31.6790056616 38.1460983329 
31.7057380928 38.1355296973 
31.7362006306 38.1237176929 
31.7560945328 38.111284004 
31.7890438084 38.1075538973
>
29.9441368692 40.7218676569 
30.0011144195 40.7196332476 
30.071498434 40.720750448 
30.140765253 40.7162816277 
30.2848849379 40.6872342497 
30.3899023678 40.6548352548 
30.4569347774 40.6458976047 
30.541842489 40.6291395049 
30.605523265 40.6157330263 
30.6859621532 40.5945060914 
30.7529945763 40.5822168208 
30.7988000512 40.5743963723 
30.8546603922 40.5732791656
>
30.8546603914 40.57104475 
30.9071691126 40.5755135826 
30.9742015391 40.585568442 
31.0501715916 40.5866856484 
31.137313727 40.5933888898 
31.1752987792 40.5945060881 
31.2333935304 40.609029777 
31.2881366604 40.6146158145 
31.3361765762 40.6302567027 
31.4255531134 40.6615384894
>
31.4277875345 40.6559524593 
31.4769446516 40.6648901134 
31.5383910256 40.684999826 
31.6165955342 40.6939374781 
31.7182613741 40.7140472001 
31.823278874 40.7375085357 
31.9148898513 40.7587354655 
32.0009148366 40.7732591487 
32.1115183661 40.7922516601 
32.2299423524 40.8078925491
>
29.4130257239 40.2317490542 
29.4351609774 40.2376216754 
29.4496166569 40.2448495089 
29.4681379969 40.2534325689 
29.4848523697 40.2588534499 
29.4943389093 40.2660812904 
29.5133119868 40.2778265235 
29.5327368062 40.2882165463 
29.5670690446 40.2977030901 
29.5968838851 40.3017687487
>
27.2744217286 38.6388885319 
27.3003302561 38.6270446296 
27.3269790249 38.6189019471 
27.3610302385 38.6129800003 
27.394341203 38.6077983007 
27.4209899753 38.6077982962 
27.4417167934 38.6122397585 
27.4639241014 38.6092787853 
27.4861314086 38.6055775626 
27.5187021333 38.5892922083 
27.5453509068 38.5715263611 
27.5653374803 38.5545007529 
27.5786618658 38.5359946627 
27.6023496708 38.5137873576 
27.6245569688 38.5004629691 
27.6697118319 38.4900995606 
27.6971008547 38.4849178517 
27.7193081571 38.4849178496 
27.7503983943 38.4923202926 
27.7770471692 38.4908397992 
27.8125788548 38.4841776044 
27.8310849507 38.4841776101
>
27.8296044577 38.4834373659 
27.841448364 38.4908398001 
27.8532922632 38.4930605299 
27.8732788374 38.4930605364 
27.8903044367 38.4923202901 
27.9073300425 38.4952812643 
27.9213946786 38.5049044345 
27.9354593048 38.5123068708 
27.9443422254 38.516008087 
27.9650690451 38.5130471109 
27.9968995284 38.5019434562 
28.0250287801 38.493060528 
28.0479763343 38.4863983355 
28.0620409672 38.4738141986 
28.0768458357 38.4678922461 
28.0923909548 38.4686324934 
28.1079360771 38.4723337068 
28.1190397268 38.4767751721 
28.1368055712 38.4752946822 
28.1530909359 38.4715934669 
28.1641945889 38.4671520078 
28.1738177612 38.469372737 
28.1871421457 38.4678922445 
28.1997262891 38.4671520082 
28.2130506702 38.4656715193 
28.2404396896 38.4567885927 
28.2582055365 38.4501264029 
28.2848543075 38.4486459138 
28.2996591713 38.4486459147 
28.3189055098 38.4464251791 
28.3240872166 38.4345812842 
28.3403725744 38.4205166577 
28.3559176907 38.415334946 
28.3788652457 38.4079325133 
28.3951506009 38.4071922659 
28.413656692 38.3960886173 
28.432162791 38.3916471556 
28.4454871716 38.3879459312 
28.4602920438 38.3753617894 
28.478057893 38.3672191089 
28.4869408153 38.3561154588 
28.5032261826 38.3501935062
>
28.5024859331 38.349453263 
28.5098883728 38.3479727753 
28.5239529942 38.3420508306 
28.5454200615 38.3368691261 
28.5602249421 38.3361288758 
28.5705883488 38.3242849796 
28.5772505368 38.3065191332 
28.5824322434 38.2887532856 
28.6009383342 38.2769093908 
28.6090810132 38.2739484157 
28.6335090581 38.2628447555 
28.6460932042 38.2510008621 
28.6645992859 38.2487801305 
28.6823651383 38.2384167238 
28.7023517139 38.2243520928 
28.7119748899 38.2110277041 
28.7208578093 38.2043655148 
28.7341821972 38.1999240543 
28.7541687763 38.2021447793 
28.775635837 38.2021447784 
28.7948821776 38.1984435649 
28.8178297289 38.1895606404
>
27.3491863343 38.461230057 
27.3743546258 38.4479056684 
27.3898997425 38.4345812835 
27.4195094857 38.4264386053 
27.4365350855 38.4227373901 
27.4535606916 38.4168154329 
27.4831704387 38.4160751974 
27.5083387244 38.4086727586 
27.5298057935 38.4049715412 
27.5497923635 38.4079325133 
27.5690387047 38.4153349506 
27.5831033286 38.4094129979 
27.6030899043 38.4094130009 
27.6260374599 38.4108934915 
27.6519459899 38.4145947107 
27.663049641 38.4227373908 
27.6726728099 38.4316203074 
27.6889581765 38.4345812822 
27.6978410961 38.4449446966
>
27.030881572 37.6425205867 
27.0656730257 37.6380791233 
27.0952827675 37.6343779032 
27.1189705653 37.6299364478 
27.1441388507 37.6217937697 
27.1722681129 37.6217937692 
27.1959559059 37.6203132761 
27.2189034622 37.6240144984 
27.241851008 37.6343779034 
27.2514741796 37.6417803474 
27.2684997843 37.6469620496 
27.2892265994 37.6551047278 
27.312174152 37.6610266805 
27.3351217114 37.6721303308 
27.3521473128 37.6817535051 
27.3691729229 37.6987791082 
27.3854582837 37.7172851947 
27.3943412068 37.7350510429 
27.4024838814 37.7528168864 
27.4143277766 37.7624400551 
27.4335741133 37.772803471 
27.4543009358 37.7794656619 
27.4691058056 37.7950107764 
27.4816899571 37.8105558913 
27.4920533628 37.8261010094 
27.504637509 37.8357241815 
27.5216631028 37.8357241762 
27.5416496917 37.8335034456 
27.5668179648 37.8364644206 
27.5831033329 37.8423863673
>
27.5061179932 37.642520588 
27.515741155 37.6625071658 
27.526104574 37.67879253 
27.5320265214 37.695818127 
27.5453509032 37.7061815373 
27.555714316 37.723207145 
27.5697789452 37.7424534774 
27.5727399241 37.7542973792 
27.5853240602 37.7654010342 
27.6016094195 37.7705827345 
27.6171545353 37.7705827339 
27.6334399019 37.7705827353 
27.6549069614 37.7705827346 
27.6741532929 37.7654010309 
27.6874776856 37.7609595666 
27.7037630457 37.7594790814 
27.7133862085 37.7683620047 
27.7259703584 37.7683620043 
27.7407752256 37.7676217637 
27.7563203399 37.7587388387 
27.7666837498 37.7498559162 
27.7792678964 37.7431937274 
27.7933325229 37.7424534816 
27.8096178851 37.7402327467 
27.8229422685 37.7454144526 
27.8370068946 37.7483754293
>
27.8340459248 37.7668815157 
27.8407081141 37.7713229857 
27.8569934835 37.7742839587 
27.8710581035 37.7765046883 
27.8858629777 37.7809461487 
27.8947459018 37.7890888271 
27.9110312681 37.7950107803 
27.9280568691 37.7972315115 
27.9524849115 37.8009327307 
27.980614171 37.8024132144 
28.0087434254 37.7950107776 
28.0361324404 37.7972315094 
28.0590799874 37.7957510247 
28.0768458418 37.8001924838 
28.1042348553 37.8038936982 
28.1249616712 37.8038937019 
28.1501299635 37.8075949217 
28.1671555621 37.8120363827 
28.1871421451 37.8201790657 
28.2086092081 37.8253607663 
28.2308165154 37.8305424733 
28.251543336 37.8364644241 
28.2744908966 37.8364644194 
28.2870750384 37.8416461302
>
28.3751640285 37.8527497859 
28.3936701211 37.854230269 
28.4084749964 37.8571912437 
28.4262408367 37.8616327062 
28.44474693 37.8645936784 
28.4639932608 37.8668144131 
28.4876810663 37.871255875 
28.5098883727 37.8719961144 
28.522472512 37.8771778225 
28.5513420128 37.8786583098 
28.5779907809 37.883840018 
28.5920554144 37.8838400175 
28.6001980975 37.8838400169 
28.6083407694 37.8919826972 
28.6113017483 37.8979046421 
28.620184673 37.8979046415 
28.6327688094 37.8979046478 
28.6416517355 37.8942034237 
28.6557163644 37.8993851273 
28.6675602644 37.9164107333 
28.6734822194 37.9252936561 
28.6912480625 37.9341765811 
28.7090139079 37.9437997539 
28.7208578134 37.9497217024 
28.7460260924 37.9452802348 
28.7630516901 37.9386180404 
28.7785968072 37.9334363417 
28.7897004724 37.9297351198 
28.8015443661 37.9267741456 
28.8185699705 37.926774146 
28.837816308 37.9164107327 
28.8452187396 37.9082680591 
28.8615041048 37.9038265937 
28.8726077561 37.9038265944
>
28.9532943146 37.792790049 
28.9710601617 37.7824266403 
28.9821638081 37.7691022527 
28.9962284432 37.7646607887 
29.0110333151 37.7602193276 
29.0280589174 37.7572583549 
29.0428637898 37.7468949405 
29.0569284227 37.7365315269 
29.073213786 37.7335705538 
29.0932003594 37.7372717778 
29.1146674241 37.7313498207 
29.13243327 37.7239473918 
29.1509393608 37.7269083668 
29.1716661877 37.7394925088
>
29.2034966628 37.7513363996 
29.2227429971 37.753557132 
29.2442100659 37.7550376243 
29.2612356714 37.7535571298 
29.2812222442 37.7483754287 
29.2952868711 37.7468949409 
29.3130527234 37.7468949434 
29.3308185721 37.7498559145 
29.3478441731 37.759479082
>
27.6119728374 38.0511350774 
27.626777706 38.0629789742 
27.6482447681 38.0718619041 
27.6697118421 38.0748228715 
27.6867374436 38.0777838479 
27.7022825593 38.0777838491 
27.7237496218 38.0837057958 
27.7459569285 38.0844460446 
27.7726057013 38.0881472594 
27.796293498 38.0896277489 
27.820721545 38.0903679952 
27.8377471441 38.0948094487
>
27.5919862573 37.8860607501 
27.6112325919 37.8860607492 
27.6252972177 37.8853205003 
27.6415825741 37.8882814769 
27.6586081792 37.8868009936 
27.6785947579 37.8823595253 
27.6963606029 37.8808790434 
27.7096849951 37.877177822 
27.7215288885 37.8801387983 
27.7363337651 37.8771778257 
27.7540996111 37.8712558768 
27.7748264293 37.8690351407 
27.7933325257 37.8690351456 
27.8096178846 37.8616327069 
27.8296044654 37.8601522176 
27.8451495803 37.8527497847 
27.8562532311 37.8483083225 
27.8680971296 37.8534900228 
27.8814215222 37.8564509989 
27.8999276083 37.8564509979 
27.9176934613 37.8564510021 
27.9324983314 37.856451002 
27.9473032032 37.8645936803 
27.9680300264 37.8705156278 
27.9843153865 37.8734766049 
28.0006007478 37.8719961162 
28.0183665969 37.8712558752 
28.0309507349 37.867554653 
28.05093731 37.8623729501 
28.0716641305 37.8623729449 
28.0812872964 37.8623729487
>
28.0849885196 37.8823595254 
28.0975726622 37.8905022113 
28.1086763204 37.8942034227 
28.1227409453 37.8979046417 
28.1345848451 37.8971643976 
28.1486494724 37.894203423 
28.1604933695 37.8934631804 
28.1745579949 37.8986448884 
28.1908433553 37.9008656216 
28.2086092082 37.8986448872 
28.2285957857 37.8971643999 
28.250062856 37.9008656195 
28.2730103994 37.904566835 
28.2900360122 37.9119692731 
28.3033603917 37.9260339001 
28.3211262375 37.9289948783 
28.340372576 37.9282546307 
28.3522164712 37.9349168267 
28.3714628072 37.9349168227 
28.385527441 37.9371375533 
28.396631092 37.938618047 
28.4114359707 37.9378778014 
28.4284615708 37.9312156103 
28.4484481523 37.9215924427 
28.4684347314 37.9149302494 
28.4839798388 37.916410737
>
28.5454200693 37.9252936629 
28.5639261595 37.9252936619 
28.5809517587 37.9260339048 
28.597977369 37.9297351246 
28.6113017543 37.9371375594 
28.6261066232 37.9423192607 
28.6512749018 37.9504619465 
28.6631188011 37.960085106 
28.6838456282 37.968227786 
28.7097541499 37.969708281 
28.7290004869 37.9719290058 
28.7378834168 37.9822924227 
28.753428533 37.9822924163 
28.7652724276 37.9756302293 
28.7778565671 37.968227793 
28.7941419293 37.9645265716 
28.8089468034 37.9637863302 
28.8193102085 37.952682678 
28.8341150862 37.9504619435 
28.8459589799 37.9526826758 
28.8563223953 37.946020479 
28.8696467837 37.9460204821 
28.8874126323 37.9512021842 
28.9066589608 37.9593448666 
28.9318272462 37.9689680372 
28.9540345497 37.9726692523
>
28.4753938905 37.0924818808 
28.4481653828 37.083972971 
28.4251913291 37.075464063 
28.4149806362 37.0712096048 
28.4005154863 37.071209605 
28.3775414325 37.0635515928 
28.3613745026 37.0575953487 
28.3460584656 37.0533408967 
28.3230844046 37.0584462474 
28.2941541124 37.0550426829 
28.274583626 37.0507882261 
28.2516095671 37.0405775319 
28.2328899639 37.0388757523 
28.2065123459 37.0380248576 
28.1852400665 37.0329195137 
28.1639678013 37.0286650595 
28.1384410666 37.0278141662 
28.1052563239 37.0278141717 
28.0805804789 37.0261123898 
28.0533519685 37.0218579286 
28.0150618802 37.0210070415 
27.9895351495 37.0269632804 
27.9691137579 37.0380248597 
27.9427361471 37.0414284264 
27.919762085 37.0354721916 
27.8882791195 37.0295159469 
27.8584979337 37.018454366 
27.8372256573 37.017603475 
27.8082953651 37.0005856615
>
28.3035139117 37.2252208721 
28.3154263926 37.2226682045 
28.3409531187 37.2218173084 
28.3562691581 37.2209664196 
28.3707343083 37.2175628598 
28.3860503382 37.2124575124 
28.4064717211 37.2116066162 
28.4234895482 37.2073521656 
28.4498671631 37.1954396922 
28.4660340917 37.1877816735 
28.4804992406 37.1733165301 
28.5034732969 37.1571495967 
28.5230437869 37.1460880149 
28.5417633867 37.1307719734 
28.5502722961 37.1265175235 
28.553675865 37.1248157381
>
28.2737327348 37.2337297899 
28.2456533343 37.245642255 
28.215021255 37.2584056261 
28.1826873964 37.2720198784 
28.1571606708 37.2830814596 
28.140993743 37.2949939345 
28.1239759193 37.296695716 
28.1027036453 37.3111608601 
28.087387613 37.3315822487 
28.0678171106 37.3622143213
>
29.3644869462 37.4064050716 
29.3345464707 37.368787561 
29.3211116432 37.3530496216 
29.3038383033 37.3327054548 
29.2869488029 37.3200383373 
29.2731301251 37.3142805544
>
30.0848336374 37.88348085 
30.0629998284 37.8757333705 
30.0446876049 37.8693945202 
30.0320099058 37.8588297741 
30.0186278958 37.8489693455 
30.0024286105 37.8489693418 
29.9834120667 37.848265022 
29.963691209 37.8405175487 
29.9270667513 37.8179794225 
29.8918509297 37.7968499313 
29.8636782783 37.7792420125 
29.8467746801 37.7721988552 
29.8298710908 37.7672686358 
29.817897711 37.7581125248 
29.810150233 37.7461391466 
29.8045156977 37.7362787171 
29.7897250479 37.7257139698 
29.7770473604 37.7172621733
>
29.8700171294 37.9109491847 
29.8488876269 37.8975671726 
29.8362099386 37.8891153788 
29.8214192952 37.8820722172 
29.8024027418 37.8743247335 
29.7854991585 37.85953409 
29.7622567062 37.8405175416 
29.7474660657 37.8292484851 
29.7270408857 37.8278398529 
29.7052070799 37.8313614311 
29.6819646411 37.8348830119 
29.6664696805 37.8327700618 
29.644635869 37.8355873272 
29.6305495334 37.8440391253
>
30.2461221245 37.9679988198 
30.2228796835 37.9778592522 
30.2038631416 37.9968757919 
30.18625523 38.0201182367 
30.174281836 38.0384304585 
30.1616041231 38.0482908894
>
30.1601955003 38.0982973612 
30.1425875848 38.1018189394 
30.1263883109 38.1046362059 
30.1186408282 38.1187225356 
30.1151192442 38.1328088663 
30.0968070189 38.1426692963 
30.0791991047 38.1595728876 
30.0672257228 38.1785894296 
30.0566609781 38.1954930236 
30.0517307674 38.2032405092 
30.0334185402 38.20676209 
30.0193322073 38.2173268331 
30.0151063131 38.2257786276 
30.0017243002 38.2349347415 
29.9827077537 38.2370476942 
29.9559437326 38.2440908548 
29.9390401362 38.2567685552 
29.9242494915 38.2708548833 
29.9179106388 38.287054161 
29.9094588497 38.3046620678 
29.9038243104 38.3159311317
>
30.0827206876 37.5686514093 
30.0925811128 37.5792161515 
30.1038501848 37.582033421 
30.1165278805 37.5911895299 
30.1263883058 37.6059801731 
30.1383616815 37.6109103924 
30.151743696 37.6186578737 
30.1637170786 37.6334485144 
30.1651257134 37.6524650616 
30.1693516087 37.6665513873 
30.1799163804 37.6841592961 
30.1904811211 37.6897938316 
30.2109062963 37.6968369954 
30.2278098999 37.7088103695 
30.2433048604 37.7081060523 
30.2602084508 37.7045844715 
30.2771120442 37.7074017387 
30.2890854294 37.71655785 
30.3024674407 37.7214880712 
30.3095106071 37.7369830332 
30.3214839804 37.7475477792 
30.3369789396 37.7531823069 
30.3468393723 37.7609297907 
30.3616300153 37.7672686365 
30.3700818102 37.7736074854 
30.3792379331 37.7862851802 
30.3890983538 37.8038930889 
30.3982544711 37.8215010023 
30.4151580667 37.8320657452 
30.4236098669 37.8433348109 
30.4243141766 37.8567168235
>
28.3619519443 37.1029795434 
28.3435189355 37.0976623308 
28.3300486551 37.088800307 
28.3109066708 37.0824196415 
28.293891586 37.0771024272 
28.2782944217 37.0763934637 
28.2665965383 37.0792293188 
28.2534807421 37.0806472386
>
28.2279581033 37.0778113913 
28.2098795782 37.0724941735 
28.1914465604 37.068594884 
28.170177697 37.06611352 
28.1595432644 37.0646955929 
28.1485543559 37.0654045576
>
28.1152331357 37.0405908788 
28.0985725193 37.0427177661 
28.0851022499 37.0427177694 
28.0712774857 37.0409453587 
28.060288575 37.038109517 
28.0517810283 37.0345646988 
28.0397286736 37.0345647001
>
27.3451674555 40.753588821 
27.2303823197 40.7250584074 
27.1706674984 40.7104614525 
27.0737968091 40.6879025238 
27.0227074658 40.6719785762 
26.9669736375 40.6500831442 
26.9046048379 40.6301782024 
26.8163596131 40.609609766
>
29.8158522108 40.7176750394 
29.7696138323 40.7176750395 
29.7247981876 40.711984168 
29.6799825256 40.7048705699 
29.6479713508 40.6984683385 
29.6109806447 40.6956228933 
29.5725672353 40.6877979428 
29.5526491568 40.6885092979 
29.5412674133 40.6927774537 
29.5206379817 40.6949115385 
29.5056994311 40.6899320198 
29.4843586446 40.6934888192 
29.4601724175 40.6863752208 
29.44594522 40.6863752179 
29.422470352 40.6806843444 
29.4018409315 40.677838908 
29.3840569414 40.6721480271
>
29.3648502337 40.6778389036 
29.3392412864 40.6714366693 
29.3122096139 40.6621889929 
29.2709507677 40.6557867594 
29.2268464652 40.6564981206 
29.194835292 40.6564981152 
29.165669547 40.6564981178 
29.1464628301 40.6579208377 
29.1301015696 40.6500958821 
29.1087607776 40.6444050088 
29.0746155179 40.6451163652 
29.0575428805 40.6486731612 
29.0362021002 40.6486731612 
29.011304511 40.6479618016 
28.9892523684 40.6451163672 
28.9672002187 40.6365800501 
28.955818461 40.6273323762 
28.9494162304 40.6145279046 
28.9401685498 40.6059915855 
28.9166936907 40.5953211902 
28.8996210554 40.586073517 
28.8725893897 40.5789599281 
28.8555167591 40.5732690428 
28.8355986908 40.5661554532 
28.8178147057 40.5654440943 
28.798608001 40.556196417 
28.7858035246 40.5398351422 
28.7779785705 40.5248965904
>
27.7073823852 40.5227625205 
27.7514866747 40.5248965929 
27.7948796123 40.5241852367 
27.8489429481 40.5206284364 
27.8951813191 40.5128034861 
27.9535128053 40.4999990073 
28.0004625402 40.4886172559 
28.0317623529 40.4850604551
>
29.0803063966 40.3769337982 
29.0639451192 40.3683974822 
29.0468724934 40.3641293312 
29.0283771479 40.3634179682 
29.0049022753 40.359149806 
28.9807160512 40.3563043704 
28.9664888634 40.3563043696 
28.9465707886 40.3584384501 
28.9259413603 40.3548816569 
28.9031778557 40.3641293313 
28.8782802735 40.3804906002 
28.8626303559 40.3847587545 
28.8476918121 40.3819133194 
28.8185260674 40.3883155501 
28.8000307129 40.3911609946 
28.7744217668 40.3932950697 
28.7537923413 40.3897382701 
28.7317401953 40.3819133178 
28.7125334894 40.3776451581 
28.6897699833 40.3762224415 
28.67483143 40.3733769986 
28.6591815166 40.3648406894 
28.6307271369 40.3634179676 
28.5930250776 40.3691088406 
28.5574570888 40.3755110819 
28.5318481503 40.3698202029 
28.503393768 40.369820203 
28.4507531598 40.366263403 
28.4151851795 40.3648406832
>
27.967899406 40.3592767026 
28.0025179692 40.3699285688 
28.0437939539 40.3765859829 
28.0824069753 40.3819119161 
28.1156940529 40.388569335 
28.1649589425 40.396558231 
28.2062349318 40.4005526808 
28.256831291 40.4018841658 
28.2981072751 40.3965582389 
28.3300628828 40.4005526881 
28.3766647913 40.395226749 
28.3993000137 40.3925637842
>
26.3745440159 39.7800857871 
26.4582270732 39.7977529627 
26.5387464252 39.8171951027 
26.5730416013 39.8253335878 
26.6017419319 39.8352906775 
26.6208518854 39.8470575234 
26.6351764089 39.8581903233 
26.6550792668 39.8736496132 
26.6829866451 39.8891276049 
26.7093383558 39.8972037819 
26.7396950337 39.9052830164 
26.7876479271 39.9158515946 
26.814822224 39.92390528 
26.882774855 39.9504788875 
26.9211708606 39.9659095479 
26.9715907729 39.988722137 
27.0164373855 40.0121295497 
27.0613107724 40.0312080526 
27.1078149564 40.0521153626 
27.1647713022 40.0736054461
>
27.4659603033 40.2704900398 
27.5383507381 40.2738712334 
27.5985943045 40.2668004883
>
27.4926138559 40.176147558 
27.544831676 40.1796090027 
27.601828806 40.1780949463 
27.6371278528 40.1748265737
>
28.4120723555 38.4670904975 
28.4293892518 38.459065592 
28.4441719693 38.4518854166 
28.4568428622 38.4493512397 
28.4741597635 38.4409039729 
28.49147666 38.4354132439 
28.5041475574 38.4349908886 
28.5307564474 38.4316119782 
28.5569429701 38.4269659802 
28.575526961 38.4176739896 
28.598334581 38.4050030933 
28.6164962054 38.3889532842 
28.6202974748 38.3813507436 
28.6431050906 38.3682574786 
28.6621114423 38.3543194929 
28.6836519642 38.3395367704 
28.69632287 38.3306671416 
28.7208199449 38.3264435113
>
28.9755050224 38.022764281 
29.0054928191 38.0075592044 
29.0236544491 37.9957330264 
29.0363253405 37.994043572 
29.0443502497 38.0024908439 
29.0506856939 38.0024908413 
29.0561764246 37.9944659404 
29.065046051 37.9796832171 
29.0713815067 37.9699688635 
29.0815182166 37.9475836067 
29.0941891195 37.9361798001 
29.1089718342 37.9268878026 
29.1245992838 37.9066143631 
29.1503634412 37.8939434681 
29.1672579728 37.8838067482 
29.1773946964 37.8762042087 
29.1786617902 37.8639556662 
29.193022142 37.8479058626 
29.2124508498 37.8310113262 
29.2272335673 37.8221417004
>
29.4835216929 38.0945173748 
29.5182035692 38.1246186145 
29.5463416845 38.146212991 
29.5895304357 38.1822036083 
29.6268298101 38.2175398528 
29.6510416767 38.233899226 
29.6595485497 38.2653092289 
29.683106044 38.2954104715 
29.7112441741 38.3150417243 
29.7446172892 38.322239849 
29.7727554087 38.3287835917 
29.8002391547 38.3340185921 
29.8368841509 38.3300923402 
29.848008533 38.3228942206 
29.8689485259 38.3228942185
>
29.6026179365 37.9551355147 
29.618977307 37.9891630139 
29.6425348072 38.0231905034 
29.6647835506 38.0434761277 
29.6883410452 38.0853561236 
29.7092810457 38.1337798669 
29.7452716612 38.1507936149 
29.7662116627 38.1684617382 
29.793041039 38.1782773632 
29.8264141543 38.1972542334
>
29.7426541618 36.1425169781 
29.8427735317 36.179161978 
29.9167178958 36.206645725 
29.9677591451 36.2249682232
>
29.4383698289 36.240673216 
29.4743604436 36.2184244715 
29.5214754471 36.211226352 
29.5908391844 36.21318947 
29.6386085486 36.2073000991 
29.6530048021 36.2020650968 
29.6889954228 36.1896319796
>
29.7099354174 36.2419819718 
29.7308754207 36.2760094638 
29.7642485343 36.305456337 
29.8054741588 36.3342488356 
29.8525891494 36.3597694542 
29.8754922807 36.3735113262
>
29.0405098795 36.6202106703 
29.074537371 36.6189019286 
29.1079104917 36.6215194227 
29.1386661112 36.6189019238 
29.1854293522 36.6347834468 
29.2295689478 36.6248364957 
29.2519495879 36.6273232335 
29.2936024457 36.6410002913 
29.3557708902 36.6310533401
>
31.1860320686 38.0614578453 
31.249119047 37.9900971738 
31.2811796343 37.953899733 
31.3204797218 37.9135654353 
31.3618482301 37.8597863804 
31.3990798929 37.8184178772 
31.4197641473 37.7853230707
>
27.0677972975 39.9002879179 
26.9385207216 39.8454746435
>
26.9078422431 38.0919089917 
26.9233486525 38.1349267653 
26.9403556781 38.1584364833 
26.9743697438 38.1804455837 
27.0193883518 38.2049557177 
27.0534024096 38.2239635693 
27.0874164706 38.2474732921
>
26.9473585778 38.7646870814 
26.9713684969 38.755183153 
26.9883755292 38.7431781832 
27.0003804928 38.7286721876 
27.012885659 38.7111649575 
27.032893933 38.6886556484 
27.063906751 38.6681471731 
27.0874164749 38.6496395195 
27.1029228827 38.6366341513 
27.1174288761 38.6396353904 
27.1459406659 38.6461380726
>
27.0343945495 38.956766468 
27.0589046797 38.9987838421 
27.0819141942 39.0252947994 
27.0974206092 39.0498049246 
27.146941071 39.0633105132 
27.1824557505 39.073814856 
27.2194710529 39.0863200237 
27.2524846939 39.0953237398
>
27.2557287077 39.070511845 
27.2780615137 39.0802217567 
27.2999088211 39.0860477025 
27.3232126091 39.0918736529 
27.3387484799 39.0938156342 
27.3581683096 39.0894461797 
27.3785591326 39.0855622093 
27.4135148217 39.0870186997 
27.4309926745 39.0913881611
>
27.4368186143 39.1069240226 
27.460122416 39.1268293517 
27.4766292691 39.1384812514
>
27.0940586197 39.0773087859 
27.1236738563 39.0928446428 
27.1591150455 39.1074095233 
27.1858173196 39.1219743893 
27.2154325607 39.1336262865 
27.2440768021 39.149647649 
27.2741775479 39.1603285572 
27.2887424132 39.1714949607 
27.3086477386 39.192856767 
27.3334080215 39.2045086725 
27.3523423558 39.2171315546 
27.3868125629 39.2239284962 
27.3955514834 39.2282979596 
27.4183697811 39.2190735458 
27.4363331279 39.2088781333 
27.4494415094 39.2049941642
>
30.6112721829 40.6516394129 
30.6427317372 40.6623816952 
30.6772605078 40.6807970379 
30.7240661828 40.6992123866 
30.7931237321 40.7199296536 
30.853740904 40.7345084685 
30.9274022918 40.7582949545 
30.9895540821 40.7628987917 
31.0509385793 40.7567603417 
31.111653858 40.7522531582 
31.1434586796 40.7667098993 
31.1911659246 40.7775524546 
31.3415160365 40.7732154338
>
27.8925786112 37.7377111411 
27.9105419582 37.726059244 
27.9357877334 37.7139218454 
27.9639464888 37.703240943 
27.9862792941 37.6993569729 
28.008612095 37.6872195818 
28.0280319297 37.673140207 
28.0503647277 37.6571188487 
28.0683280696 37.6444959574 
28.0765814999 37.636728019
>
28.4085473471 37.1270680141 
28.4300319188 37.1401122157 
28.4576549294 37.1416468291 
28.4906490886 37.1431814407
>
29.3322167133 39.1104811113 
29.3367506195 39.0895881439 
29.3413120388 39.069598868 
29.3454560913 39.0545922194
>
29.3400903831 39.0501778355 
29.3414857452 39.0397486807 
29.3475309445 39.0296781888 
29.3424778541 39.0171175304 
29.3477027936 38.9998278876 
29.361866033 38.9900451483
>
29.3387653505 39.0275932298 
29.3360013608 39.0140818853 
29.320050409 39.0049035975
>
29.3819364215 38.9837580182 
29.3900895592 38.9677633559
>
29.4014381254 38.9607468881 
29.4143826236 38.9496262867 
29.4334339251 38.9478737389 
29.4615395848 38.956780686 
29.4812014843 38.9559118718 
29.5126767668 38.9615691136
>
29.4997461609 38.9727001768 
29.5144290736 38.9619835681 
29.5349117327 38.9678711974 
29.5870729892 38.9527072402 
29.597439513 38.951120216 
29.6102029792 38.9517397073 
29.6230165989 38.9537132911 
29.611758591 38.9625579042
>
27.9830916353 38.689450538 
27.9961470087 38.6801252713 
28.0141758576 38.6813686402 
28.0278529154 38.6708000046 
28.0402866043 38.6552578935 
28.0533419776 38.6484193646 
28.0570720843 38.6465543112 
28.0744792488 38.6403374668 
28.0838045155 38.6397157823 
28.1061851555 38.6316338846 
28.1279441111 38.615470089 
28.1360260088 38.5961978712 
28.1434862222 38.5831424978 
28.21871004 38.5383812178 
28.2460641556 38.5222174222 
28.3200446046 38.4811862488 
28.383456418 38.4594272933 
28.3927816847 38.461914031
>
27.7692321862 38.9884807561 
27.7512033373 39.028890245 
27.7269576439 39.056866045 
27.7008468973 39.0792466851 
27.6747361506 39.1022490095 
27.664167515 39.1184128051 
27.6616807772 39.1432801829 
27.6685193061 39.175607774
>
27.0511866521 37.6848084746 
27.0866226655 37.6829434213 
27.1282755233 37.6897819502 
27.1693066967 37.697863848 
27.2190414523 37.7127842747 
27.2495039901 37.7171360658 
27.2749930523 37.7301914391 
27.2992387457 37.7494636569
>
27.2426654612 37.51633199 
27.2594509412 37.5138452522 
27.2743713679 37.50514167 
27.2805882123 37.4945730344 
27.2979953768 37.4933296655 
27.3203760168 37.4958164033 
27.3452433946 37.4983031411 
27.3663806658 37.5132235678
>
27.3775709858 37.5604715856 
27.4036817325 37.5704185367 
27.4353876392 37.5934208612
>
28.2802568001 37.8290392659 
28.2883386979 37.8134971548 
28.2964205957 37.7960899903 
28.3001507024 37.7631407147 
28.3026374401 37.7245962791 
28.3026374401 37.7009722702 
28.298285649 37.6879168969 
28.3076109157 37.6773482613 
28.3243963957 37.6618061502 
28.3473987202 37.6437773012 
28.3772395736 37.6276135057 
28.400241898 37.6226400301 
28.4251092758 37.6176665546
>
28.5320390004 37.8657186482 
28.5469594271 37.8408512704 
28.5513112182 37.8134971548 
28.5587714315 37.7749527192 
28.5668533293 37.737029968 
28.6029110271 37.703459008 
28.6265350361 37.6773482613 
28.655754205 37.6580760435 
28.6799998983 37.6524808835
>
28.446246547 37.6301002435 
28.4220008536 37.6611844657 
28.4052153736 37.6792133146 
28.3859431558 37.6947554257 
28.3704010447 37.7109192213 
28.3616974624 37.725839648 
28.3467770357 37.7475986036 
28.3473987202 37.7587889236
>
28.3561023024 37.7618973458 
28.3529938802 37.7848996703 
28.3455336669 37.805415257 
28.3486420891 37.8234441059 
28.3517505113 37.8321476881
>
28.8490980674 37.425566061 
28.893237663 37.4572719677 
28.9193484097 37.4777875544 
28.9566494764 37.4983031411
>
29.3657178413 36.3537820776 
29.3675828946 36.3854879843 
29.3595009969 36.4134637843 
29.3588793124 36.4401962155 
29.369447948 36.4656852777 
29.3936936413 36.4731454911
>
29.2538146412 36.3904614599 
29.2569230634 36.4147071532 
29.2650049612 36.439574531 
29.267491699 36.4538732733
>
29.3949370102 36.51915014 
29.3912069036 36.5384223578 
29.3949370102 36.5564512067 
29.4011538547 36.5701282645 
29.3999104858 36.5918872201 
29.3887201658 36.615511229 
29.3812599524 36.6385135535 
29.3713130013 36.6602725091 
29.3706913169 36.6826531491 
29.3632311035 36.7075205269 
29.369447948 36.7224409536
>
29.9842938642 37.5915558079 
30.0178648243 37.6077196034 
30.0334069354 37.6288568746 
30.0464623087 37.6468857235 
30.0564092599 37.6767265768 
30.060761051 37.6897819502 
30.0781682154 37.7040806924
>
30.3349238913 38.1722090796 
30.3771984335 38.1871295063 
30.3877670691 38.1858861374 
30.3989573891 38.1784259241 
30.4213380291 38.185264453 
30.4412319314 38.2014282485 
30.4605041492 38.2169703597 
30.4872365803 38.230025733 
30.4978052159 38.2461895286 
30.5034003759 38.2592449019
>
30.7645078429 38.3717697865 
30.7812933229 38.3910420043 
30.7943486962 38.3960154799 
30.8148642829 38.3997455865 
30.8527870341 38.4109359065 
30.8788977808 38.4190178043 
30.8950615763 38.4264780177 
30.9037651586 38.4376683377 
30.9174422164 38.4432634977 
30.9168205319 38.4606706621 
30.909982003 38.4793211955 
30.9168205319 38.4985934133 
30.9298759053 38.5215957378 
30.9392011719 38.55267996 
30.9516348608 38.5831424978
>
30.8664640919 38.7161829691 
30.8900881008 38.7081010713 
30.9019001052 38.6987758046 
30.9093603186 38.6913155913 
30.9329843275 38.6875854846 
30.9553649675 38.6875854846 
30.9858275053 38.6962890669 
31.006343092 38.7136962313
>
31.0610513232 38.7136962313 
31.0958656521 38.728616658 
31.1219763988 38.7447804536 
31.1356534566 38.7410503469 
31.1518172522 38.734211818 
31.1642509411 38.7242648669 
31.1860098967 38.7149396002 
31.2003086389 38.7124528624 
31.2152290656 38.7261299202 
31.2257977011 38.7311033958 
31.2400964434 38.7416720313
>
30.4244464514 38.0920117862 
30.4567740425 38.1125273729 
30.5058871137 38.1293128529 
30.5456749182 38.1367730662 
30.5923012516 38.1429899107 
30.6389275849 38.1516934929 
30.6631732783 38.1753175018 
30.6942575006 38.1958330885 
30.7309368828 38.2126185685 
30.7558042606 38.2250522574 
30.7794282695 38.2474328975 
30.7937270118 38.252406373 
30.8167293362 38.263596693 
30.8335148163 38.2747870131 
30.8546520874 38.2934375464 
30.8751676741 38.3108447109
>
30.9777456075 38.3033844975 
30.955986652 38.2921941775 
30.9367144342 38.2859773331 
30.9217940075 38.2766520664 
30.9112253719 38.2617316397 
30.9019001052 38.2505413197 
30.8913314697 38.2418377375 
30.8770327274 38.2256739419 
30.8627339852 38.2088884619 
30.8627339852 38.1983198263 
30.8614906163 38.1827777152 
30.8503002963 38.161640444
>
30.2093436334 38.4569405555 
30.2230206911 38.4886464622 
30.2311025889 38.5228391067 
30.2342110112 38.5427330089
>
30.2634301801 38.439533391 
30.2851891357 38.4830513022
>
31.4123030347 38.5943328178 
31.4384137814 38.604279769 
31.4589293681 38.6073881912 
31.4775799014 38.6073881912 
31.4980954881 38.6123616668 
31.5024472792 38.6229303023 
31.5210978126 38.626660409 
31.5409917148 38.6359856757 
31.5639940393 38.6334989379 
31.5963216304 38.6334989379 
31.6441913327 38.6334989379
>
27.9150417698 40.1075144298
27.9605492177 40.0850895596 
28.0218228232 40.067760369 
28.1010065012 40.0612581671
>
28.2021304559 40.05972777 
28.2592666446 40.0449417986 
28.30128191   40.0266224999 
28.3442559108 40.0235061417 
28.3823077401 40.0136058009
28.4295992813 39.9888753121
>
